[image_param]
# Camera.fx: 3.4499360858880789e+02
# Camera.fy: 3.4471560544663544e+02
# Camera.cx: 2.8008055872143399e+02
# Camera.cy: 2.4419452630771551e+02
# Camera.k1: 3.5941701581628185e+00  
# Camera.k2: 2.3338582577899598e+00
# Camera.p1: -4.3452706701792233e-04
# Camera.p2: 3.7480580814670556e-04
# Camera.k3: 3.9553983937563722e-02
# Camera.k4: 3.9274828212668904e+00
# Camera.k5: 3.5548849745919591e+00
# Camera.k6: 4.7873688006836718e-01
fx = 3.4499360858880789e+02
fy = 3.4471560544663544e+02
cx = 2.8008055872143399e+02
cy = 2.4419452630771551e+02
#distCoeffs_k k1,k2...
dist_k = 3.5941701581628185e+00,2.3338582577899598e+00,3.9553983937563722e-02,3.9274828212668904e+00,3.5548849745919591e+00,4.7873688006836718e-01
p1 = -4.3452706701792233e-04
p2 = 3.7480580814670556e-04

[canny]
threshold1 = 40
threshold2 = 100

[hough_line]
#0:houghline 1:houghlineP
use_p = 1
rho = 2
theta = 0.05
threshold = 100
min_length = 50
max_gap = 10

[corner]
#0,1,2
method = 2
#harris 
harris_blocksize = 2
harris_ksize = 3
harris_k = 0.04
harris_thd = 1e-5
#Shi-Tomasi
ST_nbest = 20
ST_qualitylevel = 0.01
ST_mindistance = 20

[lamp]
bin_thd = 220
canny_thd1 = 1000
canny_thd2 = 1000